{
    "problem": "traveling_salesman",
    "generations": 1000,
    "options": {
        "population_size": 100,
        "chromosome_size": 6,
        "fitness_function": {
            "cities": [
                "Salvador",
                "Feira de Santana",
                "Riachão do Jacuípe",
                "Cruz das Almas",
                "Cachoeira",
                "São Félix"
            ],
            "distance_matrix": [
                [0, 115.7, 192.9, 150.5, 116.8, 117.7],
                [115.7, 0, 77.7, 68.1, 51, 51.3],
                [192.9, 77.7, 0, 141.8, 124.7, 125],
                [150.5, 68.1, 141.8, 0, 24.9, 24],
                [116.8, 51, 124.7, 24.9, 0, 0.95],
                [117.7, 51.3, 125, 24, 0.95, 0]
            ]
        }
    }
}